0 1
1 12769 620 person
1 1
1 12256 638 person
2 1
1 13284 642 person
3 1
1 13451 636 person
4 1
1 13331 626 person
5 1
1 13366 618 person
6 1
1 12833 608 person
7 1
1 12432 592 person
8 1
1 12296 588 person
9 1
1 12459 586 person
10 1
1 12084 588 person
11 1
1 13192 600 person
12 1
1 13380 626 person
13 1
1 14048 628 person
14 1
1 13884 620 person
15 1
1 13356 612 person
16 1
1 14205 614 person
17 1
1 14327 604 person
18 1
1 13830 596 person
19 1
1 13503 596 person
20 1
1 13366 592 person
21 1
1 13155 590 person
22 1
1 12529 576 person
23 1
1 11769 592 person
24 1
1 9860 540 person
25 1
1 8806 546 person
26 1
1 8714 522 person
27 1
1 8546 514 person
28 1
1 8213 504 person
29 1
1 8102 498 person
30 1
1 8012 496 person
31 1
1 8134 494 person
32 1
1 8010 494 person
33 1
1 8395 504 person
34 1
1 8891 518 person
35 1
1 9507 528 person
36 1
1 10201 538 person
37 1
1 10926 544 person
38 1
1 11713 554 person
39 1
1 12276 570 person
40 1
1 12188 582 person
41 1
1 12308 588 person
42 1
1 12278 594 person
43 1
1 11451 572 person
44 1
1 11181 562 person
45 1
1 11456 562 person
46 1
1 11432 562 person
47 1
1 11311 562 person
48 1
1 11396 560 person
49 1
1 11691 578 person
50 1
1 11397 594 person
51 1
1 12070 606 person
52 1
1 12545 608 person
53 1
1 13014 614 person
54 1
1 13336 620 person
55 1
1 13734 626 person
56 1
1 13588 626 person
57 1
1 13887 618 person
58 1
1 14049 612 person
59 1
1 13449 604 person
60 1
1 13391 620 person
61 1
1 13923 634 person
62 1
1 13808 636 person
63 1
1 14023 626 person
64 1
1 14064 626 person
65 1
1 13749 628 person
66 1
1 13405 632 person
67 1
1 13457 634 person
68 1
1 14339 648 person
69 1
1 15548 666 person
70 1
1 18481 698 person
71 1
1 18974 694 person
72 1
1 18320 688 person
73 1
1 18829 702 person
74 1
1 18121 692 person
75 1
1 17505 680 person
76 1
1 16975 676 person
77 1
1 15752 654 person
78 1
1 14010 644 person
79 1
1 12087 640 person
80 1
1 10680 608 person
81 1
1 9268 580 person
82 1
1 9058 566 person
83 1
1 9793 572 person
84 1
1 10920 584 person
85 1
1 11634 594 person
86 1
1 12797 610 person
87 1
1 14032 628 person
88 1
1 13294 644 person
89 1
1 13749 634 person
90 1
1 13644 644 person
91 1
1 12283 640 person
92 1
1 12105 620 person
93 1
1 11911 614 person
94 1
1 12063 604 person
95 1
1 13121 616 person
96 1
1 13224 644 person
97 1
1 12656 600 person
98 1
1 12787 598 person
99 1
1 13446 594 person
100 1
1 14318 612 person
101 1
1 15002 636 person
102 1
1 15066 652 person
103 1
1 14493 650 person
104 1
1 14410 632 person
105 1
1 14071 618 person
106 1
1 13642 602 person
107 1
1 13538 588 person
108 1
1 12936 582 person
109 1
1 13059 578 person
110 1
1 13246 584 person
111 1
1 13440 584 person
112 1
1 13318 590 person
113 1
1 13168 586 person
114 1
1 13296 602 person
115 1
1 12036 596 person
116 1
1 10470 560 person
117 1
1 9524 548 person
118 1
1 8121 512 person
119 1
1 8382 536 person
120 1
1 8399 538 person
121 1
1 8564 538 person
122 1
1 8599 540 person
123 1
1 8587 536 person
124 1
1 9524 528 person
125 1
1 9468 514 person
126 1
1 9562 496 person
127 1
1 9212 490 person
128 1
1 8806 496 person
129 1
1 9069 514 person
130 1
1 9348 518 person
131 1
1 10012 536 person
132 1
1 10625 564 person
133 1
1 10881 580 person
134 1
1 11237 592 person
135 1
1 11644 588 person
136 1
1 11735 586 person
137 1
1 12486 598 person
138 1
1 12616 616 person
139 1
1 11617 626 person
140 1
1 11991 618 person
141 1
1 11343 616 person
142 1
1 10934 620 person
143 1
1 10455 596 person
144 1
1 9524 548 person
145 1
1 8392 486 person
146 1
1 6452 476 person
147 1
1 4767 454 person
148 1
1 2809 310 person
149 1
1 1617 214 person
150 1
1 963 156 other
151 0
152 0
153 0
154 0
155 0
156 0
157 0
158 0
159 0
160 0
161 0
162 0
163 0
164 0
165 0
166 0
167 0
168 1
2 1082 158 other
169 1
2 813 122 other
170 1
2 997 148 other
171 1
2 964 148 other
172 1
2 975 142 other
173 1
2 1095 144 other
174 1
1 1170 154 other
175 1
1 1199 160 other
176 1
1 1159 162 other
177 1
1 1116 164 other
178 1
1 790 138 other
179 1
1 620 110 other
180 1
2 621 110 other
181 1
1 1396 188 other
182 1
1 1496 180 other
183 1
1 1582 174 person
184 1
1 2587 310 person
185 2
1 645 124 other
2 3754 320 person
186 1
1 7041 540 person
187 1
1 7944 576 person
188 1
1 9342 590 person
189 1
1 8904 628 person
190 1
1 12176 670 person
191 1
1 15300 686 person
192 1
1 16372 706 person
193 1
1 16099 694 person
194 1
1 14695 688 person
195 1
1 15025 682 person
196 1
1 14228 670 person
197 1
1 12987 684 person
198 1
1 13064 688 person
199 1
1 12749 702 person
200 2
1 12825 610 person
2 567 100 other
201 2
1 12930 618 person
2 566 100 other
202 2
1 13351 636 person
2 568 100 other
203 2
1 12765 650 person
2 567 100 other
204 2
1 12651 652 person
2 567 100 other
205 2
1 12462 626 person
2 566 100 other
206 2
1 12557 660 person
2 566 100 other
207 2
1 12498 634 person
2 566 100 other
208 2
1 12407 638 person
2 566 100 other
209 2
1 12094 636 person
2 566 100 other
210 2
1 12148 644 person
2 566 100 other
211 2
1 12868 646 person
2 566 100 other
212 2
1 13248 658 person
2 565 100 other
213 3
1 13183 602 person
2 566 100 other
3 1124 142 other
214 3
1 13653 604 person
2 565 100 other
3 1093 138 other
215 3
1 14159 610 person
2 565 100 other
3 1105 140 other
216 3
1 14270 610 person
2 565 100 other
3 1092 138 other
217 3
1 13949 608 person
2 565 100 other
3 1065 136 other
218 3
1 13354 584 person
2 565 100 other
3 1073 136 other
219 3
1 13288 594 person
2 565 100 other
3 1073 136 other
220 3
1 13072 598 person
2 564 100 other
3 1080 138 other
221 3
1 12517 594 person
2 568 100 other
3 1089 138 other
222 3
1 11577 588 person
2 565 100 other
3 1081 138 other
223 3
1 11358 586 person
2 565 100 other
3 1065 136 other
224 3
1 11023 574 person
2 565 100 other
3 1064 136 other
225 3
1 10845 570 person
2 565 100 other
3 1073 136 other
226 3
1 11393 592 person
2 564 100 other
3 1079 138 other
227 3
1 11484 588 person
2 564 100 other
3 1090 138 other
228 3
1 11267 582 person
2 564 100 other
3 1078 138 other
229 3
1 10811 574 person
2 564 100 other
3 1078 138 other
230 3
1 10312 568 person
2 564 100 other
3 1066 136 other
231 3
1 9554 554 person
2 564 100 other
3 1066 136 other
232 3
1 9020 532 person
2 564 100 other
3 1079 138 other
233 3
1 8931 512 person
2 563 100 other
3 1069 136 other
234 3
1 8252 502 person
2 564 100 other
3 1077 138 other
235 3
1 8429 490 person
2 567 100 other
3 1066 136 other
236 3
1 8489 468 person
2 563 100 other
3 1065 136 other
237 3
1 8114 448 person
2 563 100 other
3 1069 136 other
238 3
1 7735 428 person
2 563 100 other
3 1066 136 other
239 3
1 7318 408 person
2 563 100 other
3 1067 136 other
240 3
1 6883 394 person
2 563 100 other
3 1066 136 other
241 3
1 6516 380 person
2 563 100 other
3 1066 136 other
242 3
1 6239 372 person
2 563 100 other
3 1065 136 other
243 3
1 6012 366 person
2 563 100 other
3 1067 136 other
244 3
1 5867 364 person
2 562 100 other
3 1067 136 other
245 3
1 5983 362 person
2 563 100 other
3 1066 136 other
246 3
1 5976 364 person
2 563 100 other
3 1067 136 other
247 3
1 6207 382 person
2 563 100 other
3 1064 136 other
248 3
1 6568 404 person
2 562 100 other
3 1065 136 other
249 3
1 6323 436 person
2 542 98 other
3 1065 136 other
250 3
1 7249 462 person
2 562 100 other
3 1068 136 other
251 3
1 7113 486 person
2 562 100 other
3 1065 136 other
252 3
1 7548 506 person
2 562 100 other
3 1064 136 other
253 3
1 7633 520 person
2 562 100 other
3 1066 136 other
254 3
1 8186 530 person
2 562 100 other
3 1064 136 other
255 3
1 9260 536 person
2 562 100 other
3 1065 136 other
256 3
1 9925 540 person
2 562 100 other
3 1064 136 other
257 3
1 10547 544 person
2 562 100 other
3 1065 136 other
258 3
1 11103 548 person
2 562 100 other
3 1049 134 other
259 3
1 11428 552 person
2 562 100 other
3 1064 136 other
260 3
1 11502 558 person
2 551 98 other
3 1049 134 other
261 3
1 11084 556 person
2 550 98 other
3 1049 134 other
262 3
1 10948 564 person
2 550 98 other
3 1049 134 other
263 3
1 10837 548 person
2 550 98 other
3 1049 134 other
264 3
1 10942 546 person
2 550 98 other
3 1037 132 other
265 3
1 10995 548 person
2 550 98 other
3 1032 132 other
266 3
1 11019 550 person
2 550 98 other
3 1034 132 other
267 3
1 10862 552 person
2 550 98 other
3 1032 132 other
268 3
1 11007 554 person
2 550 98 other
3 1033 132 other
269 3
1 10867 544 person
2 550 98 other
3 1037 132 other
270 3
1 10181 542 person
2 550 98 other
3 1032 132 other
271 3
1 8891 532 person
2 550 98 other
3 1032 132 other
272 3
1 8945 530 person
2 550 98 other
3 1031 132 other
273 3
1 9238 528 person
2 550 98 other
3 1032 132 other
274 3
1 9543 546 person
2 550 98 other
3 1032 132 other
275 3
1 10529 566 person
2 550 98 other
3 1032 132 other
276 3
1 11741 594 person
2 550 98 other
3 1032 132 other
277 3
1 12662 604 person
2 550 98 other
3 1032 132 other
278 3
1 13358 606 person
2 550 98 other
3 1032 132 other
279 3
1 14554 616 person
2 550 98 other
3 1032 132 other
280 3
1 13890 602 person
2 550 98 other
3 1032 132 other
281 3
1 13606 584 person
2 550 98 other
3 1032 132 other
282 3
1 12875 568 person
2 550 98 other
3 1032 132 other
283 3
1 12442 564 person
2 550 98 other
3 1032 132 other
284 3
1 12205 558 person
2 550 98 other
3 1032 132 other
285 3
1 12024 556 person
2 550 98 other
3 1032 132 other
286 3
1 12019 556 person
2 550 98 other
3 1032 132 other
287 3
1 12082 556 person
2 550 98 other
3 1046 134 other
288 3
1 12332 558 person
2 550 98 other
3 1050 134 other
289 3
1 11986 554 person
2 543 98 other
3 1048 134 other
290 3
1 11660 552 person
2 543 98 other
3 1034 132 other
291 3
1 11254 548 person
2 543 98 other
3 1032 132 other
292 3
1 11050 542 person
2 543 98 other
3 1066 136 other
293 3
1 10450 542 person
2 543 98 other
3 1049 134 other
294 3
1 8903 536 person
2 543 98 other
3 1037 132 other
295 3
1 8266 540 person
2 543 98 other
3 1033 132 other
296 3
1 7033 494 person
2 531 96 other
3 1034 132 other
297 3
1 6920 490 person
2 531 96 other
3 1033 132 other
298 3
1 6678 484 person
2 535 96 other
3 1033 132 other
299 3
1 6663 478 person
2 531 96 other
3 1035 132 other
300 3
1 6916 472 person
2 531 96 other
3 1034 132 other
301 3
1 7418 478 person
2 531 96 other
3 1032 132 other
302 3
1 8186 494 person
2 531 96 other
3 1033 132 other
303 3
1 9268 510 person
2 531 96 other
3 1032 132 other
304 3
1 9924 522 person
2 531 96 other
3 1032 132 other
305 3
1 10550 540 person
2 531 96 other
3 1032 132 other
306 3
1 11097 550 person
2 531 96 other
3 1032 132 other
307 3
1 11540 556 person
2 531 96 other
3 1032 132 other
308 3
1 11785 564 person
2 531 96 other
3 1032 132 other
309 3
1 11367 568 person
2 531 96 other
3 1032 132 other
310 3
1 11265 578 person
2 531 96 other
3 1033 132 other
311 3
1 10958 552 person
2 531 96 other
3 1031 132 other
312 3
1 11088 552 person
2 531 96 other
3 1032 132 other
313 3
1 11392 552 person
2 531 96 other
3 1031 132 other
314 3
1 11538 558 person
2 531 96 other
3 1031 132 other
315 3
1 11823 566 person
2 531 96 other
3 1032 132 other
316 3
1 11719 562 person
2 531 96 other
3 1031 132 other
317 3
1 11553 564 person
2 531 96 other
3 1032 132 other
318 3
1 11503 564 person
2 531 96 other
3 1031 132 other
319 3
1 11566 568 person
2 531 96 other
3 1032 132 other
320 3
1 12069 564 person
2 531 96 other
3 1032 132 other
321 3
1 12409 570 person
2 531 96 other
3 1031 132 other
322 3
1 12763 590 person
2 531 96 other
3 1032 132 other
323 3
1 12779 596 person
2 531 96 other
3 1032 132 other
324 3
1 12529 590 person
2 531 96 other
3 1033 132 other
325 3
1 12342 588 person
2 531 96 other
3 1032 132 other
326 3
1 12041 584 person
2 531 96 other
3 1032 132 other
327 3
1 11466 580 person
2 531 96 other
3 1032 132 other
328 3
1 11106 580 person
2 531 96 other
3 1031 132 other
329 3
1 10554 560 person
2 531 96 other
3 1032 132 other
330 3
1 9936 556 person
2 531 96 other
3 1033 132 other
331 3
1 10284 550 person
2 531 96 other
3 1031 132 other
332 3
1 11067 554 person
2 531 96 other
3 1031 132 other
333 3
1 12054 588 person
2 531 96 other
3 1031 132 other
334 3
1 12886 604 person
2 531 96 other
3 1031 132 other
335 3
1 13400 610 person
2 531 96 other
3 1031 132 other
336 3
1 14672 636 person
2 531 96 other
3 1031 132 other
337 3
1 14875 624 person
2 531 96 other
3 1031 132 other
338 3
1 14604 614 person
2 531 96 other
3 1031 132 other
339 3
1 13677 592 person
2 531 96 other
3 1031 132 other
340 3
1 13097 582 person
2 531 96 other
3 1031 132 other
341 3
1 12602 576 person
2 531 96 other
3 1031 132 other
342 3
1 12187 570 person
2 531 96 other
3 1031 132 other
343 3
1 11874 564 person
2 531 96 other
3 1045 134 other
344 3
1 12094 558 person
2 531 96 other
3 1048 134 other
345 3
1 11807 554 person
2 531 96 other
3 1031 132 other
346 3
1 11429 550 person
2 531 96 other
3 1045 134 other
347 3
1 11251 546 person
2 531 96 other
3 1035 132 other
348 3
1 10527 536 person
2 531 96 other
3 1031 132 other
349 3
1 9649 524 person
2 531 96 other
3 1033 132 other
350 3
1 8204 512 person
2 531 96 other
3 1033 132 other
351 3
1 7753 496 person
2 531 96 other
3 1033 132 other
352 3
1 6989 494 person
2 531 96 other
3 1031 132 other
353 3
1 6605 494 person
2 531 96 other
3 1050 134 other
354 3
1 6469 492 person
2 531 96 other
3 1031 132 other
355 3
1 6398 492 person
2 531 96 other
3 1031 132 other
356 3
1 6398 488 person
2 531 96 other
3 1033 132 other
357 3
1 6460 484 person
2 531 96 other
3 1033 132 other
358 3
1 6687 474 person
2 531 96 other
3 1031 132 other
359 3
1 7158 474 person
2 531 96 other
3 1033 132 other
360 3
1 7746 490 person
2 531 96 other
3 1031 132 other
361 3
1 8908 504 person
2 531 96 other
3 1031 132 other
362 3
1 9861 526 person
2 531 96 other
3 1031 132 other
363 3
1 10212 540 person
2 531 96 other
3 1031 132 other
364 3
1 10743 550 person
2 531 96 other
3 1031 132 other
365 3
1 11120 556 person
2 531 96 other
3 1031 132 other
366 3
1 11421 560 person
2 531 96 other
3 1031 132 other
367 3
1 10850 564 person
2 531 96 other
3 1031 132 other
368 3
1 10920 574 person
2 531 96 other
3 1031 132 other
369 3
1 10438 548 person
2 531 96 other
3 1031 132 other
370 3
1 10847 552 person
2 531 96 other
3 1031 132 other
371 3
1 10827 556 person
2 531 96 other
3 1031 132 other
372 3
1 11180 556 person
2 531 96 other
3 1031 132 other
373 3
1 11772 568 person
2 531 96 other
3 1031 132 other
374 3
1 11993 570 person
2 531 96 other
3 1031 132 other
375 3
1 12270 574 person
2 531 96 other
3 1031 132 other
376 3
1 12191 570 person
2 531 96 other
3 1031 132 other
377 3
1 11749 568 person
2 531 96 other
3 1031 132 other
378 3
1 10500 552 person
2 535 96 other
3 1031 132 other
379 3
1 9629 540 person
2 531 96 other
3 1031 132 other
380 3
1 9596 546 person
2 531 96 other
3 1031 132 other
381 3
1 9175 542 person
2 531 96 other
3 1031 132 other
382 3
1 9947 552 person
2 531 96 other
3 1031 132 other
383 3
1 10631 560 person
2 531 96 other
3 1031 132 other
384 3
1 11637 578 person
2 531 96 other
3 1031 132 other
385 3
1 12210 586 person
2 531 96 other
3 1031 132 other
386 3
1 12940 618 person
2 531 96 other
3 1035 132 other
387 3
1 13224 608 person
2 531 96 other
3 1031 132 other
388 3
1 12979 596 person
2 531 96 other
3 1031 132 other
389 3
1 12570 582 person
2 531 96 other
3 1031 132 other
390 3
1 12057 562 person
2 531 96 other
3 1031 132 other
391 3
1 11510 562 person
2 531 96 other
3 1031 132 other
392 3
1 10623 566 person
2 531 96 other
3 1031 132 other
393 3
1 9337 536 person
2 531 96 other
3 1031 132 other
394 3
1 8992 532 person
2 531 96 other
3 1031 132 other
395 3
1 9301 538 person
2 531 96 other
3 1031 132 other
396 3
1 10064 554 person
2 531 96 other
3 1031 132 other
397 3
1 11260 570 person
2 533 96 other
3 1032 132 other
398 3
1 11914 584 person
2 531 96 other
3 1031 132 other
399 3
1 12090 574 person
2 531 96 other
3 1034 132 other
400 3
1 12493 580 person
2 531 96 other
3 1031 132 other
401 3
1 13069 592 person
2 531 96 other
3 1031 132 other
402 3
1 14201 598 person
2 531 96 other
3 1053 134 other
